{
 "cells": [
  {
   "cell_type": "code",
   "execution_count": 1,
   "metadata": {},
   "outputs": [
    {
     "name": "stdout",
     "output_type": "stream",
     "text": [
      "sympy imported\n",
      "pandas imported\n",
      "numpy imported\n",
      "scipy imported\n"
     ]
    },
    {
     "name": "stderr",
     "output_type": "stream",
     "text": [
      "/Library/Frameworks/Python.framework/Versions/3.6/lib/python3.6/site-packages/statsmodels/compat/pandas.py:56: FutureWarning: The pandas.core.datetools module is deprecated and will be removed in a future version. Please use the pandas.tseries module instead.\n",
      "  from pandas.core import datetools\n"
     ]
    },
    {
     "name": "stdout",
     "output_type": "stream",
     "text": [
      "statsmodels imported\n",
      "statsmodels.formula imported\n",
      "statasmodels.stats.api imported\n",
      "matplotlib imported\n",
      "pyplot imported\n",
      "seaborn imported\n",
      "sns.set\n",
      "sns.set_style(whitegrid)\n",
      "sns.set_color_codes()\n",
      "type (% matplotlib inline) if necessary\n",
      "type (% config InlineBackend.figure_formats = {‘png’, ‘retina’}) if necessary\n"
     ]
    }
   ],
   "source": [
    "from set_math import *\n",
    "from set_visualization import *"
   ]
  },
  {
   "cell_type": "code",
   "execution_count": 2,
   "metadata": {},
   "outputs": [],
   "source": [
    "weather = pd.read_csv(\"../data/weather_v8_refer_prev_data.csv\", index_col = 0)"
   ]
  },
  {
   "cell_type": "code",
   "execution_count": 3,
   "metadata": {},
   "outputs": [
    {
     "name": "stdout",
     "output_type": "stream",
     "text": [
      "<class 'pandas.core.frame.DataFrame'>\n",
      "Int64Index: 19665 entries, 0 to 19664\n",
      "Data columns (total 21 columns):\n",
      "station_nbr    19665 non-null int64\n",
      "date           19665 non-null object\n",
      "tmax           19665 non-null float64\n",
      "tmin           19665 non-null float64\n",
      "tavg           19665 non-null float64\n",
      "depart         19665 non-null float64\n",
      "dewpoint       19665 non-null float64\n",
      "wetbulb        19665 non-null float64\n",
      "heat           19665 non-null float64\n",
      "cool           19665 non-null float64\n",
      "sunrise        19665 non-null float64\n",
      "sunset         19665 non-null float64\n",
      "codesum        19665 non-null object\n",
      "codsum_YN      19665 non-null object\n",
      "snowfall       19665 non-null float64\n",
      "preciptotal    19665 non-null float64\n",
      "stnpressure    19665 non-null float64\n",
      "sealevel       19665 non-null float64\n",
      "resultspeed    19665 non-null float64\n",
      "resultdir      19665 non-null float64\n",
      "avgspeed       19665 non-null float64\n",
      "dtypes: float64(17), int64(1), object(3)\n",
      "memory usage: 3.3+ MB\n",
      "None\n",
      "        station_nbr          tmax          tmin          tavg        depart  \\\n",
      "count  19665.000000  19665.000000  19665.000000  19665.000000  19665.000000   \n",
      "mean      10.789474     71.583321     50.593033     61.325299     -0.184694   \n",
      "std        5.772850     19.863483     19.175520     19.138140      5.603596   \n",
      "min        1.000000    -11.000000    -21.000000    -16.000000    -35.000000   \n",
      "25%        6.000000     59.000000     36.000000     48.000000     -2.000000   \n",
      "50%       11.000000     76.000000     53.000000     65.000000      0.000000   \n",
      "75%       16.000000     87.000000     67.000000     77.000000      1.000000   \n",
      "max       20.000000    114.000000     88.000000    100.000000     33.000000   \n",
      "\n",
      "           dewpoint       wetbulb          heat          cool       sunrise  \\\n",
      "count  19665.000000  19665.000000  19665.000000  19665.000000  19665.000000   \n",
      "mean      47.451411     53.782202      9.430003      5.718535    382.734350   \n",
      "std       19.398190     17.145156     14.042102      8.382198     44.192959   \n",
      "min      -24.000000    -15.000000    -26.000000    -63.000000    246.000000   \n",
      "25%       33.000000     41.000000      0.000000      0.000000    363.000000   \n",
      "50%       51.000000     57.000000      0.000000      0.000000    393.000000   \n",
      "75%       64.000000     68.000000     17.000000     12.000000    404.000000   \n",
      "max       77.000000     80.000000     81.000000     35.000000    460.000000   \n",
      "\n",
      "             sunset      snowfall   preciptotal   stnpressure      sealevel  \\\n",
      "count  19665.000000  19665.000000  19665.000000  19665.000000  19665.000000   \n",
      "mean    1075.005492      0.069620      0.116440     29.163127     30.027730   \n",
      "std       54.660093      0.456418      0.364965      1.244834      0.201926   \n",
      "min      971.000000      0.000000      0.000000     23.720000     29.160000   \n",
      "25%     1047.000000      0.000000      0.000000     29.110000     29.900000   \n",
      "50%     1065.000000      0.000000      0.000000     29.410000     30.010000   \n",
      "75%     1117.000000      0.000000      0.030000     29.780000     30.150000   \n",
      "max     1189.000000     16.200000      7.360000     30.610000     30.800000   \n",
      "\n",
      "        resultspeed     resultdir      avgspeed  \n",
      "count  19665.000000  19665.000000  19665.000000  \n",
      "mean       6.398647     18.670074      7.911091  \n",
      "std        4.159333      9.666388      3.935745  \n",
      "min        0.000000      1.000000      0.000000  \n",
      "25%        3.200000     13.000000      5.100000  \n",
      "50%        5.600000     18.000000      7.300000  \n",
      "75%        8.800000     26.000000     10.100000  \n",
      "max       28.400000     36.000000     28.700000  \n"
     ]
    }
   ],
   "source": [
    "weathe= weather.reset_index(drop=True)\n",
    "print(weather.info())\n",
    "print(weather.describe())"
   ]
  },
  {
   "cell_type": "markdown",
   "metadata": {},
   "source": [
    "# Correlation 보기"
   ]
  },
  {
   "cell_type": "code",
   "execution_count": 4,
   "metadata": {
    "scrolled": false
   },
   "outputs": [
    {
     "data": {
      "text/html": [
       "<div>\n",
       "<style scoped>\n",
       "    .dataframe tbody tr th:only-of-type {\n",
       "        vertical-align: middle;\n",
       "    }\n",
       "\n",
       "    .dataframe tbody tr th {\n",
       "        vertical-align: top;\n",
       "    }\n",
       "\n",
       "    .dataframe thead th {\n",
       "        text-align: right;\n",
       "    }\n",
       "</style>\n",
       "<table border=\"1\" class=\"dataframe\">\n",
       "  <thead>\n",
       "    <tr style=\"text-align: right;\">\n",
       "      <th></th>\n",
       "      <th>station_nbr</th>\n",
       "      <th>tmax</th>\n",
       "      <th>tmin</th>\n",
       "      <th>tavg</th>\n",
       "      <th>depart</th>\n",
       "      <th>dewpoint</th>\n",
       "      <th>wetbulb</th>\n",
       "      <th>heat</th>\n",
       "      <th>cool</th>\n",
       "      <th>sunrise</th>\n",
       "      <th>sunset</th>\n",
       "      <th>snowfall</th>\n",
       "      <th>preciptotal</th>\n",
       "      <th>stnpressure</th>\n",
       "      <th>sealevel</th>\n",
       "      <th>resultspeed</th>\n",
       "      <th>resultdir</th>\n",
       "      <th>avgspeed</th>\n",
       "    </tr>\n",
       "  </thead>\n",
       "  <tbody>\n",
       "    <tr>\n",
       "      <th>station_nbr</th>\n",
       "      <td>1.000000</td>\n",
       "      <td>-0.004014</td>\n",
       "      <td>-0.016277</td>\n",
       "      <td>-0.009983</td>\n",
       "      <td>-0.154409</td>\n",
       "      <td>-0.027029</td>\n",
       "      <td>-0.021498</td>\n",
       "      <td>0.020374</td>\n",
       "      <td>0.008120</td>\n",
       "      <td>-0.177851</td>\n",
       "      <td>-0.255678</td>\n",
       "      <td>-0.021430</td>\n",
       "      <td>-0.010748</td>\n",
       "      <td>-0.062520</td>\n",
       "      <td>-0.048750</td>\n",
       "      <td>-0.006349</td>\n",
       "      <td>-0.029097</td>\n",
       "      <td>0.003506</td>\n",
       "    </tr>\n",
       "    <tr>\n",
       "      <th>tmax</th>\n",
       "      <td>-0.004014</td>\n",
       "      <td>1.000000</td>\n",
       "      <td>0.922428</td>\n",
       "      <td>0.980902</td>\n",
       "      <td>0.250768</td>\n",
       "      <td>0.880143</td>\n",
       "      <td>0.944449</td>\n",
       "      <td>-0.927083</td>\n",
       "      <td>0.739740</td>\n",
       "      <td>-0.324528</td>\n",
       "      <td>0.410859</td>\n",
       "      <td>-0.158355</td>\n",
       "      <td>0.000467</td>\n",
       "      <td>0.059145</td>\n",
       "      <td>-0.243417</td>\n",
       "      <td>-0.127959</td>\n",
       "      <td>-0.205270</td>\n",
       "      <td>-0.129966</td>\n",
       "    </tr>\n",
       "    <tr>\n",
       "      <th>tmin</th>\n",
       "      <td>-0.016277</td>\n",
       "      <td>0.922428</td>\n",
       "      <td>1.000000</td>\n",
       "      <td>0.979369</td>\n",
       "      <td>0.238261</td>\n",
       "      <td>0.947970</td>\n",
       "      <td>0.976996</td>\n",
       "      <td>-0.907012</td>\n",
       "      <td>0.775310</td>\n",
       "      <td>-0.346128</td>\n",
       "      <td>0.420652</td>\n",
       "      <td>-0.105821</td>\n",
       "      <td>0.087790</td>\n",
       "      <td>0.142327</td>\n",
       "      <td>-0.263775</td>\n",
       "      <td>-0.050962</td>\n",
       "      <td>-0.240271</td>\n",
       "      <td>-0.072811</td>\n",
       "    </tr>\n",
       "    <tr>\n",
       "      <th>tavg</th>\n",
       "      <td>-0.009983</td>\n",
       "      <td>0.980902</td>\n",
       "      <td>0.979369</td>\n",
       "      <td>1.000000</td>\n",
       "      <td>0.250041</td>\n",
       "      <td>0.931407</td>\n",
       "      <td>0.979314</td>\n",
       "      <td>-0.935686</td>\n",
       "      <td>0.772845</td>\n",
       "      <td>-0.342062</td>\n",
       "      <td>0.424175</td>\n",
       "      <td>-0.135113</td>\n",
       "      <td>0.044271</td>\n",
       "      <td>0.101906</td>\n",
       "      <td>-0.258910</td>\n",
       "      <td>-0.091851</td>\n",
       "      <td>-0.227032</td>\n",
       "      <td>-0.103889</td>\n",
       "    </tr>\n",
       "    <tr>\n",
       "      <th>depart</th>\n",
       "      <td>-0.154409</td>\n",
       "      <td>0.250768</td>\n",
       "      <td>0.238261</td>\n",
       "      <td>0.250041</td>\n",
       "      <td>1.000000</td>\n",
       "      <td>0.244230</td>\n",
       "      <td>0.245204</td>\n",
       "      <td>-0.248653</td>\n",
       "      <td>0.157578</td>\n",
       "      <td>-0.058293</td>\n",
       "      <td>0.204313</td>\n",
       "      <td>-0.055307</td>\n",
       "      <td>-0.021111</td>\n",
       "      <td>0.016830</td>\n",
       "      <td>-0.229519</td>\n",
       "      <td>0.071211</td>\n",
       "      <td>-0.015054</td>\n",
       "      <td>0.088857</td>\n",
       "    </tr>\n",
       "    <tr>\n",
       "      <th>dewpoint</th>\n",
       "      <td>-0.027029</td>\n",
       "      <td>0.880143</td>\n",
       "      <td>0.947970</td>\n",
       "      <td>0.931407</td>\n",
       "      <td>0.244230</td>\n",
       "      <td>1.000000</td>\n",
       "      <td>0.979826</td>\n",
       "      <td>-0.882795</td>\n",
       "      <td>0.704415</td>\n",
       "      <td>-0.344308</td>\n",
       "      <td>0.399738</td>\n",
       "      <td>-0.081425</td>\n",
       "      <td>0.139952</td>\n",
       "      <td>0.221342</td>\n",
       "      <td>-0.240547</td>\n",
       "      <td>-0.116344</td>\n",
       "      <td>-0.268197</td>\n",
       "      <td>-0.147338</td>\n",
       "    </tr>\n",
       "    <tr>\n",
       "      <th>wetbulb</th>\n",
       "      <td>-0.021498</td>\n",
       "      <td>0.944449</td>\n",
       "      <td>0.976996</td>\n",
       "      <td>0.979314</td>\n",
       "      <td>0.245204</td>\n",
       "      <td>0.979826</td>\n",
       "      <td>1.000000</td>\n",
       "      <td>-0.928140</td>\n",
       "      <td>0.739751</td>\n",
       "      <td>-0.349967</td>\n",
       "      <td>0.417724</td>\n",
       "      <td>-0.116403</td>\n",
       "      <td>0.095780</td>\n",
       "      <td>0.170797</td>\n",
       "      <td>-0.248785</td>\n",
       "      <td>-0.104471</td>\n",
       "      <td>-0.250709</td>\n",
       "      <td>-0.127949</td>\n",
       "    </tr>\n",
       "    <tr>\n",
       "      <th>heat</th>\n",
       "      <td>0.020374</td>\n",
       "      <td>-0.927083</td>\n",
       "      <td>-0.907012</td>\n",
       "      <td>-0.935686</td>\n",
       "      <td>-0.248653</td>\n",
       "      <td>-0.882795</td>\n",
       "      <td>-0.928140</td>\n",
       "      <td>1.000000</td>\n",
       "      <td>-0.537202</td>\n",
       "      <td>0.306766</td>\n",
       "      <td>-0.369721</td>\n",
       "      <td>0.151364</td>\n",
       "      <td>-0.055994</td>\n",
       "      <td>-0.092163</td>\n",
       "      <td>0.226168</td>\n",
       "      <td>0.111779</td>\n",
       "      <td>0.219306</td>\n",
       "      <td>0.119798</td>\n",
       "    </tr>\n",
       "    <tr>\n",
       "      <th>cool</th>\n",
       "      <td>0.008120</td>\n",
       "      <td>0.739740</td>\n",
       "      <td>0.775310</td>\n",
       "      <td>0.772845</td>\n",
       "      <td>0.157578</td>\n",
       "      <td>0.704415</td>\n",
       "      <td>0.739751</td>\n",
       "      <td>-0.537202</td>\n",
       "      <td>1.000000</td>\n",
       "      <td>-0.272662</td>\n",
       "      <td>0.358125</td>\n",
       "      <td>-0.056517</td>\n",
       "      <td>0.010546</td>\n",
       "      <td>0.084250</td>\n",
       "      <td>-0.200266</td>\n",
       "      <td>-0.034249</td>\n",
       "      <td>-0.167269</td>\n",
       "      <td>-0.056556</td>\n",
       "    </tr>\n",
       "    <tr>\n",
       "      <th>sunrise</th>\n",
       "      <td>-0.177851</td>\n",
       "      <td>-0.324528</td>\n",
       "      <td>-0.346128</td>\n",
       "      <td>-0.342062</td>\n",
       "      <td>-0.058293</td>\n",
       "      <td>-0.344308</td>\n",
       "      <td>-0.349967</td>\n",
       "      <td>0.306766</td>\n",
       "      <td>-0.272662</td>\n",
       "      <td>1.000000</td>\n",
       "      <td>-0.617483</td>\n",
       "      <td>0.066327</td>\n",
       "      <td>-0.058009</td>\n",
       "      <td>-0.030741</td>\n",
       "      <td>0.198555</td>\n",
       "      <td>-0.000764</td>\n",
       "      <td>0.067319</td>\n",
       "      <td>0.002581</td>\n",
       "    </tr>\n",
       "    <tr>\n",
       "      <th>sunset</th>\n",
       "      <td>-0.255678</td>\n",
       "      <td>0.410859</td>\n",
       "      <td>0.420652</td>\n",
       "      <td>0.424175</td>\n",
       "      <td>0.204313</td>\n",
       "      <td>0.399738</td>\n",
       "      <td>0.417724</td>\n",
       "      <td>-0.369721</td>\n",
       "      <td>0.358125</td>\n",
       "      <td>-0.617483</td>\n",
       "      <td>1.000000</td>\n",
       "      <td>-0.072654</td>\n",
       "      <td>0.051223</td>\n",
       "      <td>0.023307</td>\n",
       "      <td>-0.130063</td>\n",
       "      <td>0.042004</td>\n",
       "      <td>-0.111272</td>\n",
       "      <td>0.061573</td>\n",
       "    </tr>\n",
       "    <tr>\n",
       "      <th>snowfall</th>\n",
       "      <td>-0.021430</td>\n",
       "      <td>-0.158355</td>\n",
       "      <td>-0.105821</td>\n",
       "      <td>-0.135113</td>\n",
       "      <td>-0.055307</td>\n",
       "      <td>-0.081425</td>\n",
       "      <td>-0.116403</td>\n",
       "      <td>0.151364</td>\n",
       "      <td>-0.056517</td>\n",
       "      <td>0.066327</td>\n",
       "      <td>-0.072654</td>\n",
       "      <td>1.000000</td>\n",
       "      <td>0.299275</td>\n",
       "      <td>-0.000605</td>\n",
       "      <td>-0.061305</td>\n",
       "      <td>0.053905</td>\n",
       "      <td>-0.013360</td>\n",
       "      <td>0.069481</td>\n",
       "    </tr>\n",
       "    <tr>\n",
       "      <th>preciptotal</th>\n",
       "      <td>-0.010748</td>\n",
       "      <td>0.000467</td>\n",
       "      <td>0.087790</td>\n",
       "      <td>0.044271</td>\n",
       "      <td>-0.021111</td>\n",
       "      <td>0.139952</td>\n",
       "      <td>0.095780</td>\n",
       "      <td>-0.055994</td>\n",
       "      <td>0.010546</td>\n",
       "      <td>-0.058009</td>\n",
       "      <td>0.051223</td>\n",
       "      <td>0.299275</td>\n",
       "      <td>1.000000</td>\n",
       "      <td>0.021380</td>\n",
       "      <td>-0.167844</td>\n",
       "      <td>0.011633</td>\n",
       "      <td>-0.042563</td>\n",
       "      <td>0.061849</td>\n",
       "    </tr>\n",
       "    <tr>\n",
       "      <th>stnpressure</th>\n",
       "      <td>-0.062520</td>\n",
       "      <td>0.059145</td>\n",
       "      <td>0.142327</td>\n",
       "      <td>0.101906</td>\n",
       "      <td>0.016830</td>\n",
       "      <td>0.221342</td>\n",
       "      <td>0.170797</td>\n",
       "      <td>-0.092163</td>\n",
       "      <td>0.084250</td>\n",
       "      <td>-0.030741</td>\n",
       "      <td>0.023307</td>\n",
       "      <td>-0.000605</td>\n",
       "      <td>0.021380</td>\n",
       "      <td>1.000000</td>\n",
       "      <td>0.221585</td>\n",
       "      <td>-0.012398</td>\n",
       "      <td>-0.034159</td>\n",
       "      <td>-0.144842</td>\n",
       "    </tr>\n",
       "    <tr>\n",
       "      <th>sealevel</th>\n",
       "      <td>-0.048750</td>\n",
       "      <td>-0.243417</td>\n",
       "      <td>-0.263775</td>\n",
       "      <td>-0.258910</td>\n",
       "      <td>-0.229519</td>\n",
       "      <td>-0.240547</td>\n",
       "      <td>-0.248785</td>\n",
       "      <td>0.226168</td>\n",
       "      <td>-0.200266</td>\n",
       "      <td>0.198555</td>\n",
       "      <td>-0.130063</td>\n",
       "      <td>-0.061305</td>\n",
       "      <td>-0.167844</td>\n",
       "      <td>0.221585</td>\n",
       "      <td>1.000000</td>\n",
       "      <td>-0.206958</td>\n",
       "      <td>-0.072154</td>\n",
       "      <td>-0.300407</td>\n",
       "    </tr>\n",
       "    <tr>\n",
       "      <th>resultspeed</th>\n",
       "      <td>-0.006349</td>\n",
       "      <td>-0.127959</td>\n",
       "      <td>-0.050962</td>\n",
       "      <td>-0.091851</td>\n",
       "      <td>0.071211</td>\n",
       "      <td>-0.116344</td>\n",
       "      <td>-0.104471</td>\n",
       "      <td>0.111779</td>\n",
       "      <td>-0.034249</td>\n",
       "      <td>-0.000764</td>\n",
       "      <td>0.042004</td>\n",
       "      <td>0.053905</td>\n",
       "      <td>0.011633</td>\n",
       "      <td>-0.012398</td>\n",
       "      <td>-0.206958</td>\n",
       "      <td>1.000000</td>\n",
       "      <td>0.119390</td>\n",
       "      <td>0.917139</td>\n",
       "    </tr>\n",
       "    <tr>\n",
       "      <th>resultdir</th>\n",
       "      <td>-0.029097</td>\n",
       "      <td>-0.205270</td>\n",
       "      <td>-0.240271</td>\n",
       "      <td>-0.227032</td>\n",
       "      <td>-0.015054</td>\n",
       "      <td>-0.268197</td>\n",
       "      <td>-0.250709</td>\n",
       "      <td>0.219306</td>\n",
       "      <td>-0.167269</td>\n",
       "      <td>0.067319</td>\n",
       "      <td>-0.111272</td>\n",
       "      <td>-0.013360</td>\n",
       "      <td>-0.042563</td>\n",
       "      <td>-0.034159</td>\n",
       "      <td>-0.072154</td>\n",
       "      <td>0.119390</td>\n",
       "      <td>1.000000</td>\n",
       "      <td>0.141997</td>\n",
       "    </tr>\n",
       "    <tr>\n",
       "      <th>avgspeed</th>\n",
       "      <td>0.003506</td>\n",
       "      <td>-0.129966</td>\n",
       "      <td>-0.072811</td>\n",
       "      <td>-0.103889</td>\n",
       "      <td>0.088857</td>\n",
       "      <td>-0.147338</td>\n",
       "      <td>-0.127949</td>\n",
       "      <td>0.119798</td>\n",
       "      <td>-0.056556</td>\n",
       "      <td>0.002581</td>\n",
       "      <td>0.061573</td>\n",
       "      <td>0.069481</td>\n",
       "      <td>0.061849</td>\n",
       "      <td>-0.144842</td>\n",
       "      <td>-0.300407</td>\n",
       "      <td>0.917139</td>\n",
       "      <td>0.141997</td>\n",
       "      <td>1.000000</td>\n",
       "    </tr>\n",
       "  </tbody>\n",
       "</table>\n",
       "</div>"
      ],
      "text/plain": [
       "             station_nbr      tmax      tmin      tavg    depart  dewpoint  \\\n",
       "station_nbr     1.000000 -0.004014 -0.016277 -0.009983 -0.154409 -0.027029   \n",
       "tmax           -0.004014  1.000000  0.922428  0.980902  0.250768  0.880143   \n",
       "tmin           -0.016277  0.922428  1.000000  0.979369  0.238261  0.947970   \n",
       "tavg           -0.009983  0.980902  0.979369  1.000000  0.250041  0.931407   \n",
       "depart         -0.154409  0.250768  0.238261  0.250041  1.000000  0.244230   \n",
       "dewpoint       -0.027029  0.880143  0.947970  0.931407  0.244230  1.000000   \n",
       "wetbulb        -0.021498  0.944449  0.976996  0.979314  0.245204  0.979826   \n",
       "heat            0.020374 -0.927083 -0.907012 -0.935686 -0.248653 -0.882795   \n",
       "cool            0.008120  0.739740  0.775310  0.772845  0.157578  0.704415   \n",
       "sunrise        -0.177851 -0.324528 -0.346128 -0.342062 -0.058293 -0.344308   \n",
       "sunset         -0.255678  0.410859  0.420652  0.424175  0.204313  0.399738   \n",
       "snowfall       -0.021430 -0.158355 -0.105821 -0.135113 -0.055307 -0.081425   \n",
       "preciptotal    -0.010748  0.000467  0.087790  0.044271 -0.021111  0.139952   \n",
       "stnpressure    -0.062520  0.059145  0.142327  0.101906  0.016830  0.221342   \n",
       "sealevel       -0.048750 -0.243417 -0.263775 -0.258910 -0.229519 -0.240547   \n",
       "resultspeed    -0.006349 -0.127959 -0.050962 -0.091851  0.071211 -0.116344   \n",
       "resultdir      -0.029097 -0.205270 -0.240271 -0.227032 -0.015054 -0.268197   \n",
       "avgspeed        0.003506 -0.129966 -0.072811 -0.103889  0.088857 -0.147338   \n",
       "\n",
       "              wetbulb      heat      cool   sunrise    sunset  snowfall  \\\n",
       "station_nbr -0.021498  0.020374  0.008120 -0.177851 -0.255678 -0.021430   \n",
       "tmax         0.944449 -0.927083  0.739740 -0.324528  0.410859 -0.158355   \n",
       "tmin         0.976996 -0.907012  0.775310 -0.346128  0.420652 -0.105821   \n",
       "tavg         0.979314 -0.935686  0.772845 -0.342062  0.424175 -0.135113   \n",
       "depart       0.245204 -0.248653  0.157578 -0.058293  0.204313 -0.055307   \n",
       "dewpoint     0.979826 -0.882795  0.704415 -0.344308  0.399738 -0.081425   \n",
       "wetbulb      1.000000 -0.928140  0.739751 -0.349967  0.417724 -0.116403   \n",
       "heat        -0.928140  1.000000 -0.537202  0.306766 -0.369721  0.151364   \n",
       "cool         0.739751 -0.537202  1.000000 -0.272662  0.358125 -0.056517   \n",
       "sunrise     -0.349967  0.306766 -0.272662  1.000000 -0.617483  0.066327   \n",
       "sunset       0.417724 -0.369721  0.358125 -0.617483  1.000000 -0.072654   \n",
       "snowfall    -0.116403  0.151364 -0.056517  0.066327 -0.072654  1.000000   \n",
       "preciptotal  0.095780 -0.055994  0.010546 -0.058009  0.051223  0.299275   \n",
       "stnpressure  0.170797 -0.092163  0.084250 -0.030741  0.023307 -0.000605   \n",
       "sealevel    -0.248785  0.226168 -0.200266  0.198555 -0.130063 -0.061305   \n",
       "resultspeed -0.104471  0.111779 -0.034249 -0.000764  0.042004  0.053905   \n",
       "resultdir   -0.250709  0.219306 -0.167269  0.067319 -0.111272 -0.013360   \n",
       "avgspeed    -0.127949  0.119798 -0.056556  0.002581  0.061573  0.069481   \n",
       "\n",
       "             preciptotal  stnpressure  sealevel  resultspeed  resultdir  \\\n",
       "station_nbr    -0.010748    -0.062520 -0.048750    -0.006349  -0.029097   \n",
       "tmax            0.000467     0.059145 -0.243417    -0.127959  -0.205270   \n",
       "tmin            0.087790     0.142327 -0.263775    -0.050962  -0.240271   \n",
       "tavg            0.044271     0.101906 -0.258910    -0.091851  -0.227032   \n",
       "depart         -0.021111     0.016830 -0.229519     0.071211  -0.015054   \n",
       "dewpoint        0.139952     0.221342 -0.240547    -0.116344  -0.268197   \n",
       "wetbulb         0.095780     0.170797 -0.248785    -0.104471  -0.250709   \n",
       "heat           -0.055994    -0.092163  0.226168     0.111779   0.219306   \n",
       "cool            0.010546     0.084250 -0.200266    -0.034249  -0.167269   \n",
       "sunrise        -0.058009    -0.030741  0.198555    -0.000764   0.067319   \n",
       "sunset          0.051223     0.023307 -0.130063     0.042004  -0.111272   \n",
       "snowfall        0.299275    -0.000605 -0.061305     0.053905  -0.013360   \n",
       "preciptotal     1.000000     0.021380 -0.167844     0.011633  -0.042563   \n",
       "stnpressure     0.021380     1.000000  0.221585    -0.012398  -0.034159   \n",
       "sealevel       -0.167844     0.221585  1.000000    -0.206958  -0.072154   \n",
       "resultspeed     0.011633    -0.012398 -0.206958     1.000000   0.119390   \n",
       "resultdir      -0.042563    -0.034159 -0.072154     0.119390   1.000000   \n",
       "avgspeed        0.061849    -0.144842 -0.300407     0.917139   0.141997   \n",
       "\n",
       "             avgspeed  \n",
       "station_nbr  0.003506  \n",
       "tmax        -0.129966  \n",
       "tmin        -0.072811  \n",
       "tavg        -0.103889  \n",
       "depart       0.088857  \n",
       "dewpoint    -0.147338  \n",
       "wetbulb     -0.127949  \n",
       "heat         0.119798  \n",
       "cool        -0.056556  \n",
       "sunrise      0.002581  \n",
       "sunset       0.061573  \n",
       "snowfall     0.069481  \n",
       "preciptotal  0.061849  \n",
       "stnpressure -0.144842  \n",
       "sealevel    -0.300407  \n",
       "resultspeed  0.917139  \n",
       "resultdir    0.141997  \n",
       "avgspeed     1.000000  "
      ]
     },
     "execution_count": 4,
     "metadata": {},
     "output_type": "execute_result"
    }
   ],
   "source": [
    "weather.corr()"
   ]
  },
  {
   "cell_type": "code",
   "execution_count": 5,
   "metadata": {
    "scrolled": false
   },
   "outputs": [
    {
     "data": {
      "text/plain": [
       "'station_nbr + date + tmax + tmin + tavg + depart + dewpoint + wetbulb + heat + cool + sunrise + sunset + codesum + codsum_YN + snowfall + preciptotal + stnpressure + sealevel + resultspeed + resultdir + avgspeed'"
      ]
     },
     "execution_count": 5,
     "metadata": {},
     "output_type": "execute_result"
    }
   ],
   "source": [
    "weather_list = list(weather.columns)\n",
    "weather_list = \" \".join(weather_list)\n",
    "weather_list = weather_list.replace(\" \", \" + \")\n",
    "weather_list"
   ]
  },
  {
   "cell_type": "code",
   "execution_count": 6,
   "metadata": {},
   "outputs": [
    {
     "data": {
      "text/html": [
       "<div>\n",
       "<style scoped>\n",
       "    .dataframe tbody tr th:only-of-type {\n",
       "        vertical-align: middle;\n",
       "    }\n",
       "\n",
       "    .dataframe tbody tr th {\n",
       "        vertical-align: top;\n",
       "    }\n",
       "\n",
       "    .dataframe thead th {\n",
       "        text-align: right;\n",
       "    }\n",
       "</style>\n",
       "<table border=\"1\" class=\"dataframe\">\n",
       "  <thead>\n",
       "    <tr style=\"text-align: right;\">\n",
       "      <th></th>\n",
       "      <th>sum_sq</th>\n",
       "      <th>df</th>\n",
       "      <th>F</th>\n",
       "      <th>PR(&gt;F)</th>\n",
       "    </tr>\n",
       "  </thead>\n",
       "  <tbody>\n",
       "    <tr>\n",
       "      <th>tmin</th>\n",
       "      <td>182532.156593</td>\n",
       "      <td>1.0</td>\n",
       "      <td>235271.902639</td>\n",
       "      <td>0.000000e+00</td>\n",
       "    </tr>\n",
       "    <tr>\n",
       "      <th>tavg</th>\n",
       "      <td>237093.679028</td>\n",
       "      <td>1.0</td>\n",
       "      <td>305598.103971</td>\n",
       "      <td>0.000000e+00</td>\n",
       "    </tr>\n",
       "    <tr>\n",
       "      <th>depart</th>\n",
       "      <td>0.180899</td>\n",
       "      <td>1.0</td>\n",
       "      <td>0.233167</td>\n",
       "      <td>6.291911e-01</td>\n",
       "    </tr>\n",
       "    <tr>\n",
       "      <th>dewpoint</th>\n",
       "      <td>288.496264</td>\n",
       "      <td>1.0</td>\n",
       "      <td>371.852643</td>\n",
       "      <td>4.241062e-82</td>\n",
       "    </tr>\n",
       "    <tr>\n",
       "      <th>wetbulb</th>\n",
       "      <td>406.044128</td>\n",
       "      <td>1.0</td>\n",
       "      <td>523.364082</td>\n",
       "      <td>2.441211e-114</td>\n",
       "    </tr>\n",
       "    <tr>\n",
       "      <th>heat</th>\n",
       "      <td>8.508634</td>\n",
       "      <td>1.0</td>\n",
       "      <td>10.967068</td>\n",
       "      <td>9.291265e-04</td>\n",
       "    </tr>\n",
       "    <tr>\n",
       "      <th>cool</th>\n",
       "      <td>9.633269</td>\n",
       "      <td>1.0</td>\n",
       "      <td>12.416648</td>\n",
       "      <td>4.264899e-04</td>\n",
       "    </tr>\n",
       "    <tr>\n",
       "      <th>sunrise</th>\n",
       "      <td>3.856019</td>\n",
       "      <td>1.0</td>\n",
       "      <td>4.970154</td>\n",
       "      <td>2.579961e-02</td>\n",
       "    </tr>\n",
       "    <tr>\n",
       "      <th>sunset</th>\n",
       "      <td>0.128460</td>\n",
       "      <td>1.0</td>\n",
       "      <td>0.165577</td>\n",
       "      <td>6.840774e-01</td>\n",
       "    </tr>\n",
       "    <tr>\n",
       "      <th>snowfall</th>\n",
       "      <td>0.138698</td>\n",
       "      <td>1.0</td>\n",
       "      <td>0.178773</td>\n",
       "      <td>6.724345e-01</td>\n",
       "    </tr>\n",
       "    <tr>\n",
       "      <th>preciptotal</th>\n",
       "      <td>24.194602</td>\n",
       "      <td>1.0</td>\n",
       "      <td>31.185245</td>\n",
       "      <td>2.376453e-08</td>\n",
       "    </tr>\n",
       "    <tr>\n",
       "      <th>stnpressure</th>\n",
       "      <td>25.354085</td>\n",
       "      <td>1.0</td>\n",
       "      <td>32.679742</td>\n",
       "      <td>1.102393e-08</td>\n",
       "    </tr>\n",
       "    <tr>\n",
       "      <th>sealevel</th>\n",
       "      <td>4.965524</td>\n",
       "      <td>1.0</td>\n",
       "      <td>6.400232</td>\n",
       "      <td>1.141829e-02</td>\n",
       "    </tr>\n",
       "    <tr>\n",
       "      <th>resultspeed</th>\n",
       "      <td>14.615778</td>\n",
       "      <td>1.0</td>\n",
       "      <td>18.838773</td>\n",
       "      <td>1.429565e-05</td>\n",
       "    </tr>\n",
       "    <tr>\n",
       "      <th>resultdir</th>\n",
       "      <td>7.337225</td>\n",
       "      <td>1.0</td>\n",
       "      <td>9.457199</td>\n",
       "      <td>2.106106e-03</td>\n",
       "    </tr>\n",
       "    <tr>\n",
       "      <th>avgspeed</th>\n",
       "      <td>6.029666</td>\n",
       "      <td>1.0</td>\n",
       "      <td>7.771841</td>\n",
       "      <td>5.311792e-03</td>\n",
       "    </tr>\n",
       "    <tr>\n",
       "      <th>Residual</th>\n",
       "      <td>15243.604410</td>\n",
       "      <td>19648.0</td>\n",
       "      <td>NaN</td>\n",
       "      <td>NaN</td>\n",
       "    </tr>\n",
       "  </tbody>\n",
       "</table>\n",
       "</div>"
      ],
      "text/plain": [
       "                    sum_sq       df              F         PR(>F)\n",
       "tmin         182532.156593      1.0  235271.902639   0.000000e+00\n",
       "tavg         237093.679028      1.0  305598.103971   0.000000e+00\n",
       "depart            0.180899      1.0       0.233167   6.291911e-01\n",
       "dewpoint        288.496264      1.0     371.852643   4.241062e-82\n",
       "wetbulb         406.044128      1.0     523.364082  2.441211e-114\n",
       "heat              8.508634      1.0      10.967068   9.291265e-04\n",
       "cool              9.633269      1.0      12.416648   4.264899e-04\n",
       "sunrise           3.856019      1.0       4.970154   2.579961e-02\n",
       "sunset            0.128460      1.0       0.165577   6.840774e-01\n",
       "snowfall          0.138698      1.0       0.178773   6.724345e-01\n",
       "preciptotal      24.194602      1.0      31.185245   2.376453e-08\n",
       "stnpressure      25.354085      1.0      32.679742   1.102393e-08\n",
       "sealevel          4.965524      1.0       6.400232   1.141829e-02\n",
       "resultspeed      14.615778      1.0      18.838773   1.429565e-05\n",
       "resultdir         7.337225      1.0       9.457199   2.106106e-03\n",
       "avgspeed          6.029666      1.0       7.771841   5.311792e-03\n",
       "Residual      15243.604410  19648.0            NaN            NaN"
      ]
     },
     "execution_count": 6,
     "metadata": {},
     "output_type": "execute_result"
    }
   ],
   "source": [
    "model_weather = sm.OLS.from_formula(\"tmax ~ tmin + tavg + depart + dewpoint + wetbulb + heat + cool + sunrise + sunset + snowfall + preciptotal + stnpressure + sealevel + resultspeed + resultdir + avgspeed\", data=weather)\n",
    "result_weather = model_weather.fit()\n",
    "sm.stats.anova_lm(result_weather, typ=2)"
   ]
  },
  {
   "cell_type": "code",
   "execution_count": 7,
   "metadata": {},
   "outputs": [],
   "source": [
    "weather2 = weather"
   ]
  },
  {
   "cell_type": "code",
   "execution_count": 8,
   "metadata": {},
   "outputs": [
    {
     "data": {
      "text/plain": [
       "Index(['station_nbr', 'date', 'tmax', 'tmin', 'tavg', 'depart', 'dewpoint',\n",
       "       'wetbulb', 'heat', 'cool', 'sunrise', 'sunset', 'codesum', 'codsum_YN',\n",
       "       'snowfall', 'preciptotal', 'stnpressure', 'sealevel', 'resultspeed',\n",
       "       'resultdir', 'avgspeed'],\n",
       "      dtype='object')"
      ]
     },
     "execution_count": 8,
     "metadata": {},
     "output_type": "execute_result"
    }
   ],
   "source": [
    "weather2.columns"
   ]
  },
  {
   "cell_type": "code",
   "execution_count": 9,
   "metadata": {},
   "outputs": [],
   "source": [
    "del weather2['date']"
   ]
  },
  {
   "cell_type": "code",
   "execution_count": 10,
   "metadata": {},
   "outputs": [],
   "source": [
    "del weather2['codesum']"
   ]
  },
  {
   "cell_type": "code",
   "execution_count": 11,
   "metadata": {},
   "outputs": [],
   "source": [
    "del weather2['codsum_YN']"
   ]
  },
  {
   "cell_type": "code",
   "execution_count": 12,
   "metadata": {},
   "outputs": [],
   "source": [
    "del weather2['station_nbr']"
   ]
  },
  {
   "cell_type": "code",
   "execution_count": 13,
   "metadata": {},
   "outputs": [
    {
     "data": {
      "text/html": [
       "<div>\n",
       "<style scoped>\n",
       "    .dataframe tbody tr th:only-of-type {\n",
       "        vertical-align: middle;\n",
       "    }\n",
       "\n",
       "    .dataframe tbody tr th {\n",
       "        vertical-align: top;\n",
       "    }\n",
       "\n",
       "    .dataframe thead th {\n",
       "        text-align: right;\n",
       "    }\n",
       "</style>\n",
       "<table border=\"1\" class=\"dataframe\">\n",
       "  <thead>\n",
       "    <tr style=\"text-align: right;\">\n",
       "      <th></th>\n",
       "      <th>tmax</th>\n",
       "      <th>tmin</th>\n",
       "      <th>tavg</th>\n",
       "      <th>depart</th>\n",
       "      <th>dewpoint</th>\n",
       "      <th>wetbulb</th>\n",
       "      <th>heat</th>\n",
       "      <th>cool</th>\n",
       "      <th>sunrise</th>\n",
       "      <th>sunset</th>\n",
       "      <th>snowfall</th>\n",
       "      <th>preciptotal</th>\n",
       "      <th>stnpressure</th>\n",
       "      <th>sealevel</th>\n",
       "      <th>resultspeed</th>\n",
       "      <th>resultdir</th>\n",
       "      <th>avgspeed</th>\n",
       "    </tr>\n",
       "  </thead>\n",
       "  <tbody>\n",
       "    <tr>\n",
       "      <th>0</th>\n",
       "      <td>52.0</td>\n",
       "      <td>31.0</td>\n",
       "      <td>42.0</td>\n",
       "      <td>0.0</td>\n",
       "      <td>36.0</td>\n",
       "      <td>40.0</td>\n",
       "      <td>23.0</td>\n",
       "      <td>0.0</td>\n",
       "      <td>444.0</td>\n",
       "      <td>1047.0</td>\n",
       "      <td>0.05</td>\n",
       "      <td>0.05</td>\n",
       "      <td>29.78</td>\n",
       "      <td>29.92</td>\n",
       "      <td>3.6</td>\n",
       "      <td>20.0</td>\n",
       "      <td>4.6</td>\n",
       "    </tr>\n",
       "    <tr>\n",
       "      <th>1</th>\n",
       "      <td>50.0</td>\n",
       "      <td>31.0</td>\n",
       "      <td>41.0</td>\n",
       "      <td>0.0</td>\n",
       "      <td>26.0</td>\n",
       "      <td>35.0</td>\n",
       "      <td>24.0</td>\n",
       "      <td>0.0</td>\n",
       "      <td>444.0</td>\n",
       "      <td>1047.0</td>\n",
       "      <td>0.01</td>\n",
       "      <td>0.01</td>\n",
       "      <td>29.44</td>\n",
       "      <td>29.62</td>\n",
       "      <td>9.8</td>\n",
       "      <td>24.0</td>\n",
       "      <td>10.3</td>\n",
       "    </tr>\n",
       "    <tr>\n",
       "      <th>2</th>\n",
       "      <td>32.0</td>\n",
       "      <td>11.0</td>\n",
       "      <td>22.0</td>\n",
       "      <td>0.0</td>\n",
       "      <td>4.0</td>\n",
       "      <td>18.0</td>\n",
       "      <td>43.0</td>\n",
       "      <td>0.0</td>\n",
       "      <td>444.0</td>\n",
       "      <td>1047.0</td>\n",
       "      <td>0.00</td>\n",
       "      <td>0.00</td>\n",
       "      <td>29.67</td>\n",
       "      <td>29.87</td>\n",
       "      <td>10.8</td>\n",
       "      <td>31.0</td>\n",
       "      <td>11.6</td>\n",
       "    </tr>\n",
       "    <tr>\n",
       "      <th>3</th>\n",
       "      <td>28.0</td>\n",
       "      <td>9.0</td>\n",
       "      <td>19.0</td>\n",
       "      <td>0.0</td>\n",
       "      <td>-1.0</td>\n",
       "      <td>14.0</td>\n",
       "      <td>46.0</td>\n",
       "      <td>0.0</td>\n",
       "      <td>444.0</td>\n",
       "      <td>1047.0</td>\n",
       "      <td>0.00</td>\n",
       "      <td>0.00</td>\n",
       "      <td>29.86</td>\n",
       "      <td>30.03</td>\n",
       "      <td>6.3</td>\n",
       "      <td>27.0</td>\n",
       "      <td>8.3</td>\n",
       "    </tr>\n",
       "    <tr>\n",
       "      <th>4</th>\n",
       "      <td>38.0</td>\n",
       "      <td>25.0</td>\n",
       "      <td>32.0</td>\n",
       "      <td>0.0</td>\n",
       "      <td>13.0</td>\n",
       "      <td>25.0</td>\n",
       "      <td>33.0</td>\n",
       "      <td>0.0</td>\n",
       "      <td>444.0</td>\n",
       "      <td>1047.0</td>\n",
       "      <td>0.00</td>\n",
       "      <td>0.00</td>\n",
       "      <td>29.67</td>\n",
       "      <td>29.84</td>\n",
       "      <td>6.9</td>\n",
       "      <td>25.0</td>\n",
       "      <td>7.8</td>\n",
       "    </tr>\n",
