{
 "cells": [
  {
   "cell_type": "code",
   "execution_count": 1,
   "metadata": {},
   "outputs": [
    {
     "name": "stdout",
     "output_type": "stream",
     "text": [
      "sympy imported\n",
      "pandas imported\n",
      "numpy imported\n",
      "scipy imported\n"
     ]
    },
    {
     "name": "stderr",
     "output_type": "stream",
     "text": [
      "/Library/Frameworks/Python.framework/Versions/3.6/lib/python3.6/site-packages/statsmodels/compat/pandas.py:56: FutureWarning: The pandas.core.datetools module is deprecated and will be removed in a future version. Please use the pandas.tseries module instead.\n",
      "  from pandas.core import datetools\n"
     ]
    },
    {
     "name": "stdout",
     "output_type": "stream",
     "text": [
      "statsmodels imported\n",
      "statsmodels.formula imported\n",
      "statasmodels.stats.api imported\n",
      "matplotlib imported\n",
      "pyplot imported\n",
      "seaborn imported\n",
      "sns.set\n",
      "sns.set_style(whitegrid)\n",
      "sns.set_color_codes()\n",
      "type (% matplotlib inline) if necessary\n",
      "type (% config InlineBackend.figure_formats = {‘png’, ‘retina’}) if necessary\n"
     ]
    }
   ],
   "source": [
    "from set_math import *\n",
    "from set_visualization import *"
   ]
  },
  {
   "cell_type": "code",
   "execution_count": 3,
   "metadata": {},
   "outputs": [],
   "source": [
    "weather = pd.read_csv(\"../data/weather_v8_2.csv\", index_col = 0)"
   ]
  },
  {
   "cell_type": "code",
   "execution_count": 4,
   "metadata": {},
   "outputs": [
    {
     "name": "stdout",
     "output_type": "stream",
     "text": [
      "<class 'pandas.core.frame.DataFrame'>\n",
      "Int64Index: 20517 entries, 0 to 20516\n",
      "Data columns (total 21 columns):\n",
      "station_nbr    20517 non-null int64\n",
      "date           20517 non-null object\n",
      "tmax           20517 non-null float64\n",
      "tmin           20517 non-null float64\n",
      "tavg           20517 non-null float64\n",
      "depart         20517 non-null float64\n",
      "dewpoint       20517 non-null float64\n",
      "wetbulb        20517 non-null float64\n",
      "heat           20517 non-null float64\n",
      "cool           20517 non-null float64\n",
      "sunrise        20517 non-null float64\n",
      "sunset         20517 non-null float64\n",
      "codesum        20517 non-null object\n",
      "codesum_YN     20517 non-null int64\n",
      "snowfall       20517 non-null float64\n",
      "preciptotal    20517 non-null float64\n",
      "stnpressure    20517 non-null float64\n",
      "sealevel       20517 non-null float64\n",
      "resultspeed    20517 non-null float64\n",
      "resultdir      20517 non-null float64\n",
      "avgspeed       20517 non-null float64\n",
      "dtypes: float64(17), int64(2), object(2)\n",
      "memory usage: 3.4+ MB\n",
      "None\n",
      "        station_nbr          tmax          tmin          tavg        depart  \\\n",
      "count  20517.000000  20517.000000  20517.000000  20517.000000  20517.000000   \n",
      "mean      10.549057     71.684342     50.714079     61.436746     -0.153470   \n",
      "std        5.768533     19.518665     18.849317     18.811754      5.498449   \n",
      "min        1.000000    -11.000000    -21.000000    -16.000000    -35.000000   \n",
      "25%        6.000000     60.000000     37.000000     49.000000     -2.000000   \n",
      "50%       11.000000     76.000000     53.000000     65.000000      0.000000   \n",
      "75%       16.000000     86.000000     66.000000     76.000000      1.000000   \n",
      "max       20.000000    114.000000     88.000000    100.000000     33.000000   \n",
      "\n",
      "           dewpoint       wetbulb          heat          cool       sunrise  \\\n",
      "count  20517.000000  20517.000000  20517.000000  20517.000000  20517.000000   \n",
      "mean      47.362540     53.915174      9.317296      5.717694    380.652435   \n",
      "std       19.261862     16.857782     13.796899      8.242846     46.193631   \n",
      "min      -24.000000    -15.000000    -26.000000    -63.000000    246.000000   \n",
      "25%       33.000000     42.000000      0.000000      0.000000    358.000000   \n",
      "50%       51.000000     57.000000      1.000000      1.000000    389.000000   \n",
      "75%       64.000000     68.000000     16.000000     12.000000    404.000000   \n",
      "max       77.000000     80.000000     81.000000     35.000000    460.000000   \n",
      "\n",
      "             sunset    codesum_YN      snowfall   preciptotal   stnpressure  \\\n",
      "count  20517.000000  20517.000000  20517.000000  20517.000000  20517.000000   \n",
      "mean    1075.001413      0.461373      0.068541      0.117358     29.167945   \n",
      "std       55.192872      0.498518      0.446969      0.357748      1.220238   \n",
      "min      971.000000      0.000000      0.000000      0.000000     23.720000   \n",
      "25%     1047.000000      0.000000      0.000000      0.000000     29.120000   \n",
      "50%     1065.000000      0.000000      0.000000      0.000000     29.400000   \n",
      "75%     1118.000000      1.000000      0.000000      0.060000     29.750000   \n",
      "max     1189.000000      1.000000     16.200000      7.360000     30.610000   \n",
      "\n",
      "           sealevel   resultspeed     resultdir      avgspeed  \n",
      "count  20517.000000  20517.000000  20517.000000  20517.000000  \n",
      "mean      30.027145      6.455873     18.728426      7.908395  \n",
      "std        0.200262      4.142955      9.565758      3.856826  \n",
      "min       29.160000      0.000000      1.000000      0.000000  \n",
      "25%       29.900000      3.300000     13.000000      5.200000  \n",
      "50%       30.010000      5.800000     18.000000      7.400000  \n",
      "75%       30.150000      8.800000     26.000000      9.900000  \n",
      "max       30.800000     28.400000     36.000000     28.700000  \n"
     ]
    }
   ],
   "source": [
    "weathe= weather.reset_index(drop=True)\n",
    "print(weather.info())\n",
    "print(weather.describe())"
   ]
  },
  {
   "cell_type": "markdown",
   "metadata": {},
   "source": [
    "# Correlation 보기"
   ]
  },
  {
   "cell_type": "code",
   "execution_count": 5,
   "metadata": {
    "scrolled": false
   },
   "outputs": [
    {
     "data": {
      "text/html": [
       "<div>\n",
       "<style scoped>\n",
       "    .dataframe tbody tr th:only-of-type {\n",
       "        vertical-align: middle;\n",
       "    }\n",
       "\n",
       "    .dataframe tbody tr th {\n",
       "        vertical-align: top;\n",
       "    }\n",
       "\n",
       "    .dataframe thead th {\n",
       "        text-align: right;\n",
       "    }\n",
       "</style>\n",
       "<table border=\"1\" class=\"dataframe\">\n",
       "  <thead>\n",
       "    <tr style=\"text-align: right;\">\n",
       "      <th></th>\n",
       "      <th>station_nbr</th>\n",
       "      <th>tmax</th>\n",
       "      <th>tmin</th>\n",
       "      <th>tavg</th>\n",
       "      <th>depart</th>\n",
       "      <th>dewpoint</th>\n",
       "      <th>wetbulb</th>\n",
       "      <th>heat</th>\n",
       "      <th>cool</th>\n",
       "      <th>sunrise</th>\n",
       "      <th>sunset</th>\n",
       "      <th>codesum_YN</th>\n",
       "      <th>snowfall</th>\n",
       "      <th>preciptotal</th>\n",
       "      <th>stnpressure</th>\n",
       "      <th>sealevel</th>\n",
       "      <th>resultspeed</th>\n",
       "      <th>resultdir</th>\n",
       "      <th>avgspeed</th>\n",
       "    </tr>\n",
       "  </thead>\n",
       "  <tbody>\n",
       "    <tr>\n",
       "      <th>station_nbr</th>\n",
       "      <td>1.000000</td>\n",
       "      <td>-0.008897</td>\n",
       "      <td>-0.022061</td>\n",
       "      <td>-0.015441</td>\n",
       "      <td>-0.156403</td>\n",
       "      <td>-0.021671</td>\n",
       "      <td>-0.028560</td>\n",
       "      <td>0.027748</td>\n",
       "      <td>0.008019</td>\n",
       "      <td>-0.119847</td>\n",
       "      <td>-0.242805</td>\n",
       "      <td>0.009570</td>\n",
       "      <td>-0.018667</td>\n",
       "      <td>-0.012986</td>\n",
       "      <td>-0.064975</td>\n",
       "      <td>-0.044336</td>\n",
       "      <td>-0.019402</td>\n",
       "      <td>-0.034071</td>\n",
       "      <td>0.004105</td>\n",
       "    </tr>\n",
       "    <tr>\n",
       "      <th>tmax</th>\n",
       "      <td>-0.008897</td>\n",
       "      <td>1.000000</td>\n",
       "      <td>0.922939</td>\n",
       "      <td>0.981021</td>\n",
       "      <td>0.251568</td>\n",
       "      <td>0.870929</td>\n",
       "      <td>0.944398</td>\n",
       "      <td>-0.926928</td>\n",
       "      <td>0.740320</td>\n",
       "      <td>-0.320922</td>\n",
       "      <td>0.406719</td>\n",
       "      <td>-0.087262</td>\n",
       "      <td>-0.159091</td>\n",
       "      <td>0.001709</td>\n",
       "      <td>0.058897</td>\n",
       "      <td>-0.240798</td>\n",
       "      <td>-0.123795</td>\n",
       "      <td>-0.203635</td>\n",
       "      <td>-0.128563</td>\n",
       "    </tr>\n",
       "    <tr>\n",
       "      <th>tmin</th>\n",
       "      <td>-0.022061</td>\n",
       "      <td>0.922939</td>\n",
       "      <td>1.000000</td>\n",
       "      <td>0.979515</td>\n",
       "      <td>0.239378</td>\n",
       "      <td>0.937599</td>\n",
       "      <td>0.976826</td>\n",
       "      <td>-0.907137</td>\n",
       "      <td>0.775394</td>\n",
       "      <td>-0.343328</td>\n",
       "      <td>0.416963</td>\n",
       "      <td>0.019989</td>\n",
       "      <td>-0.106867</td>\n",
       "      <td>0.088912</td>\n",
       "      <td>0.141854</td>\n",
       "      <td>-0.260916</td>\n",
       "      <td>-0.048093</td>\n",
       "      <td>-0.238141</td>\n",
       "      <td>-0.071625</td>\n",
       "    </tr>\n",
       "    <tr>\n",
       "      <th>tavg</th>\n",
       "      <td>-0.015441</td>\n",
       "      <td>0.981021</td>\n",
       "      <td>0.979515</td>\n",
       "      <td>1.000000</td>\n",
       "      <td>0.250990</td>\n",
       "      <td>0.921320</td>\n",
       "      <td>0.979080</td>\n",
       "      <td>-0.935544</td>\n",
       "      <td>0.773080</td>\n",
       "      <td>-0.338762</td>\n",
       "      <td>0.420123</td>\n",
       "      <td>-0.035542</td>\n",
       "      <td>-0.135998</td>\n",
       "      <td>0.045485</td>\n",
       "      <td>0.101543</td>\n",
       "      <td>-0.256085</td>\n",
       "      <td>-0.088229</td>\n",
       "      <td>-0.225088</td>\n",
       "      <td>-0.102546</td>\n",
       "    </tr>\n",
       "    <tr>\n",
       "      <th>depart</th>\n",
       "      <td>-0.156403</td>\n",
       "      <td>0.251568</td>\n",
       "      <td>0.239378</td>\n",
       "      <td>0.250990</td>\n",
       "      <td>1.000000</td>\n",
       "      <td>0.242828</td>\n",
       "      <td>0.245932</td>\n",
       "      <td>-0.250078</td>\n",
       "      <td>0.157478</td>\n",
       "      <td>-0.067363</td>\n",
       "      <td>0.203968</td>\n",
       "      <td>0.029087</td>\n",
       "      <td>-0.055768</td>\n",
       "      <td>-0.019796</td>\n",
       "      <td>0.017495</td>\n",
       "      <td>-0.226971</td>\n",
       "      <td>0.071475</td>\n",
       "      <td>-0.015193</td>\n",
       "      <td>0.088815</td>\n",
       "    </tr>\n",
       "    <tr>\n",
       "      <th>dewpoint</th>\n",
       "      <td>-0.021671</td>\n",
       "      <td>0.870929</td>\n",
       "      <td>0.937599</td>\n",
       "      <td>0.921320</td>\n",
       "      <td>0.242828</td>\n",
       "      <td>1.000000</td>\n",
       "      <td>0.968841</td>\n",
       "      <td>-0.873981</td>\n",
       "      <td>0.695548</td>\n",
       "      <td>-0.340215</td>\n",
       "      <td>0.403469</td>\n",
       "      <td>0.148618</td>\n",
       "      <td>-0.082023</td>\n",
       "      <td>0.139428</td>\n",
       "      <td>0.217362</td>\n",
       "      <td>-0.240871</td>\n",
       "      <td>-0.121370</td>\n",
       "      <td>-0.269902</td>\n",
       "      <td>-0.144385</td>\n",
       "    </tr>\n",
       "    <tr>\n",
       "      <th>wetbulb</th>\n",
       "      <td>-0.028560</td>\n",
       "      <td>0.944398</td>\n",
       "      <td>0.976826</td>\n",
       "      <td>0.979080</td>\n",
       "      <td>0.245932</td>\n",
       "      <td>0.968841</td>\n",
       "      <td>1.000000</td>\n",
       "      <td>-0.928223</td>\n",
       "      <td>0.739058</td>\n",
       "      <td>-0.349497</td>\n",
       "      <td>0.414909</td>\n",
       "      <td>0.046620</td>\n",
       "      <td>-0.117596</td>\n",
       "      <td>0.096621</td>\n",
       "      <td>0.170336</td>\n",
       "      <td>-0.246007</td>\n",
       "      <td>-0.100449</td>\n",
       "      <td>-0.247973</td>\n",
       "      <td>-0.126268</td>\n",
       "    </tr>\n",
       "    <tr>\n",
       "      <th>heat</th>\n",
       "      <td>0.027748</td>\n",
       "      <td>-0.926928</td>\n",
       "      <td>-0.907137</td>\n",
       "      <td>-0.935544</td>\n",
       "      <td>-0.250078</td>\n",
       "      <td>-0.873981</td>\n",
       "      <td>-0.928223</td>\n",
       "      <td>1.000000</td>\n",
       "      <td>-0.536882</td>\n",
       "      <td>0.311687</td>\n",
       "      <td>-0.370991</td>\n",
       "      <td>0.008947</td>\n",
       "      <td>0.152609</td>\n",
       "      <td>-0.057298</td>\n",
       "      <td>-0.091851</td>\n",
       "      <td>0.224370</td>\n",
       "      <td>0.108084</td>\n",
       "      <td>0.216901</td>\n",
       "      <td>0.118879</td>\n",
       "    </tr>\n",
       "    <tr>\n",
       "      <th>cool</th>\n",
       "      <td>0.008019</td>\n",
       "      <td>0.740320</td>\n",
       "      <td>0.775394</td>\n",
       "      <td>0.773080</td>\n",
       "      <td>0.157478</td>\n",
       "      <td>0.695548</td>\n",
       "      <td>0.739058</td>\n",
       "      <td>-0.536882</td>\n",
       "      <td>1.000000</td>\n",
       "      <td>-0.256855</td>\n",
       "      <td>0.346688</td>\n",
       "      <td>-0.051441</td>\n",
       "      <td>-0.056549</td>\n",
       "      <td>0.011167</td>\n",
       "      <td>0.083897</td>\n",
       "      <td>-0.197095</td>\n",
       "      <td>-0.031970</td>\n",
       "      <td>-0.166730</td>\n",
       "      <td>-0.054957</td>\n",
       "    </tr>\n",
       "    <tr>\n",
       "      <th>sunrise</th>\n",
       "      <td>-0.119847</td>\n",
       "      <td>-0.320922</td>\n",
       "      <td>-0.343328</td>\n",
       "      <td>-0.338762</td>\n",
       "      <td>-0.067363</td>\n",
       "      <td>-0.340215</td>\n",
       "      <td>-0.349497</td>\n",
       "      <td>0.311687</td>\n",
       "      <td>-0.256855</td>\n",
       "      <td>1.000000</td>\n",
       "      <td>-0.625822</td>\n",
       "      <td>0.060498</td>\n",
       "      <td>0.069960</td>\n",
       "      <td>-0.061015</td>\n",
       "      <td>-0.032533</td>\n",
       "      <td>0.193193</td>\n",
       "      <td>-0.006957</td>\n",
       "      <td>0.061206</td>\n",
       "      <td>0.004660</td>\n",
       "    </tr>\n",
       "    <tr>\n",
       "      <th>sunset</th>\n",
       "      <td>-0.242805</td>\n",
       "      <td>0.406719</td>\n",
       "      <td>0.416963</td>\n",
       "      <td>0.420123</td>\n",
       "      <td>0.203968</td>\n",
       "      <td>0.403469</td>\n",
       "      <td>0.414909</td>\n",
       "      <td>-0.370991</td>\n",
       "      <td>0.346688</td>\n",
       "      <td>-0.625822</td>\n",
       "      <td>1.000000</td>\n",
       "      <td>-0.025962</td>\n",
       "      <td>-0.074911</td>\n",
       "      <td>0.053185</td>\n",
       "      <td>0.022164</td>\n",
       "      <td>-0.130394</td>\n",
       "      <td>0.032271</td>\n",
       "      <td>-0.110447</td>\n",
       "      <td>0.058154</td>\n",
       "    </tr>\n",
       "    <tr>\n",
       "      <th>codesum_YN</th>\n",
       "      <td>0.009570</td>\n",
       "      <td>-0.087262</td>\n",
       "      <td>0.019989</td>\n",
       "      <td>-0.035542</td>\n",
       "      <td>0.029087</td>\n",
       "      <td>0.148618</td>\n",
       "      <td>0.046620</td>\n",
       "      <td>0.008947</td>\n",
       "      <td>-0.051441</td>\n",
       "      <td>0.060498</td>\n",
       "      <td>-0.025962</td>\n",
       "      <td>1.000000</td>\n",
       "      <td>0.143993</td>\n",
       "      <td>0.284459</td>\n",
       "      <td>0.047309</td>\n",
       "      <td>-0.084100</td>\n",
       "      <td>-0.072106</td>\n",
       "      <td>-0.065675</td>\n",
       "      <td>-0.033075</td>\n",
       "    </tr>\n",
       "    <tr>\n",
       "      <th>snowfall</th>\n",
       "      <td>-0.018667</td>\n",
       "      <td>-0.159091</td>\n",
       "      <td>-0.106867</td>\n",
       "      <td>-0.135998</td>\n",
       "      <td>-0.055768</td>\n",
       "      <td>-0.082023</td>\n",
       "      <td>-0.117596</td>\n",
       "      <td>0.152609</td>\n",
       "      <td>-0.056549</td>\n",
       "      <td>0.069960</td>\n",
       "      <td>-0.074911</td>\n",
       "      <td>0.143993</td>\n",
       "      <td>1.000000</td>\n",
       "      <td>0.298403</td>\n",
       "      <td>-0.000616</td>\n",
       "      <td>-0.059879</td>\n",
       "      <td>0.052807</td>\n",
       "      <td>-0.013182</td>\n",
       "      <td>0.069457</td>\n",
       "    </tr>\n",
       "    <tr>\n",
       "      <th>preciptotal</th>\n",
       "      <td>-0.012986</td>\n",
       "      <td>0.001709</td>\n",
       "      <td>0.088912</td>\n",
       "      <td>0.045485</td>\n",
       "      <td>-0.019796</td>\n",
       "      <td>0.139428</td>\n",
       "      <td>0.096621</td>\n",
       "      <td>-0.057298</td>\n",
       "      <td>0.011167</td>\n",
       "      <td>-0.061015</td>\n",
       "      <td>0.053185</td>\n",
       "      <td>0.284459</td>\n",
       "      <td>0.298403</td>\n",
       "      <td>1.000000</td>\n",
       "      <td>0.021554</td>\n",
       "      <td>-0.166351</td>\n",
       "      <td>0.012136</td>\n",
       "      <td>-0.042095</td>\n",
       "      <td>0.061881</td>\n",
       "    </tr>\n",
       "    <tr>\n",
       "      <th>stnpressure</th>\n",
       "      <td>-0.064975</td>\n",
       "      <td>0.058897</td>\n",
       "      <td>0.141854</td>\n",
       "      <td>0.101543</td>\n",
       "      <td>0.017495</td>\n",
       "      <td>0.217362</td>\n",
       "      <td>0.170336</td>\n",
       "      <td>-0.091851</td>\n",
       "      <td>0.083897</td>\n",
       "      <td>-0.032533</td>\n",
       "      <td>0.022164</td>\n",
       "      <td>0.047309</td>\n",
       "      <td>-0.000616</td>\n",
       "      <td>0.021554</td>\n",
       "      <td>1.000000</td>\n",
       "      <td>0.217650</td>\n",
       "      <td>-0.010550</td>\n",
       "      <td>-0.033440</td>\n",
       "      <td>-0.144803</td>\n",
       "    </tr>\n",
       "    <tr>\n",
       "      <th>sealevel</th>\n",
       "      <td>-0.044336</td>\n",
       "      <td>-0.240798</td>\n",
       "      <td>-0.260916</td>\n",
       "      <td>-0.256085</td>\n",
       "      <td>-0.226971</td>\n",
       "      <td>-0.240871</td>\n",
       "      <td>-0.246007</td>\n",
       "      <td>0.224370</td>\n",
       "      <td>-0.197095</td>\n",
       "      <td>0.193193</td>\n",
       "      <td>-0.130394</td>\n",
       "      <td>-0.084100</td>\n",
       "      <td>-0.059879</td>\n",
       "      <td>-0.166351</td>\n",
       "      <td>0.217650</td>\n",
       "      <td>1.000000</td>\n",
       "      <td>-0.208127</td>\n",
       "      <td>-0.074962</td>\n",
       "      <td>-0.295917</td>\n",
       "    </tr>\n",
       "    <tr>\n",
       "      <th>resultspeed</th>\n",
       "      <td>-0.019402</td>\n",
       "      <td>-0.123795</td>\n",
       "      <td>-0.048093</td>\n",
       "      <td>-0.088229</td>\n",
       "      <td>0.071475</td>\n",
       "      <td>-0.121370</td>\n",
       "      <td>-0.100449</td>\n",
       "      <td>0.108084</td>\n",
       "      <td>-0.031970</td>\n",
       "      <td>-0.006957</td>\n",
       "      <td>0.032271</td>\n",
       "      <td>-0.072106</td>\n",
       "      <td>0.052807</td>\n",
       "      <td>0.012136</td>\n",
       "      <td>-0.010550</td>\n",
       "      <td>-0.208127</td>\n",
       "      <td>1.000000</td>\n",
       "      <td>0.122621</td>\n",
       "      <td>0.901333</td>\n",
       "    </tr>\n",
       "    <tr>\n",
       "      <th>resultdir</th>\n",
       "      <td>-0.034071</td>\n",
       "      <td>-0.203635</td>\n",
       "      <td>-0.238141</td>\n",
       "      <td>-0.225088</td>\n",
       "      <td>-0.015193</td>\n",
       "      <td>-0.269902</td>\n",
       "      <td>-0.247973</td>\n",
       "      <td>0.216901</td>\n",
       "      <td>-0.166730</td>\n",
       "      <td>0.061206</td>\n",
       "      <td>-0.110447</td>\n",
       "      <td>-0.065675</td>\n",
       "      <td>-0.013182</td>\n",
       "      <td>-0.042095</td>\n",
       "      <td>-0.033440</td>\n",
       "      <td>-0.074962</td>\n",
       "      <td>0.122621</td>\n",
       "      <td>1.000000</td>\n",
       "      <td>0.140450</td>\n",
       "    </tr>\n",
       "    <tr>\n",
       "      <th>avgspeed</th>\n",
       "      <td>0.004105</td>\n",
       "      <td>-0.128563</td>\n",
       "      <td>-0.071625</td>\n",
       "      <td>-0.102546</td>\n",
       "      <td>0.088815</td>\n",
       "      <td>-0.144385</td>\n",
       "      <td>-0.126268</td>\n",
       "      <td>0.118879</td>\n",
       "      <td>-0.054957</td>\n",
       "      <td>0.004660</td>\n",
       "      <td>0.058154</td>\n",
       "      <td>-0.033075</td>\n",
       "      <td>0.069457</td>\n",
       "      <td>0.061881</td>\n",
       "      <td>-0.144803</td>\n",
       "      <td>-0.295917</td>\n",
       "      <td>0.901333</td>\n",
       "      <td>0.140450</td>\n",
       "      <td>1.000000</td>\n",
       "    </tr>\n",
       "  </tbody>\n",
       "</table>\n",
       "</div>"
      ],
      "text/plain": [
       "             station_nbr      tmax      tmin      tavg    depart  dewpoint  \\\n",
       "station_nbr     1.000000 -0.008897 -0.022061 -0.015441 -0.156403 -0.021671   \n",
       "tmax           -0.008897  1.000000  0.922939  0.981021  0.251568  0.870929   \n",
       "tmin           -0.022061  0.922939  1.000000  0.979515  0.239378  0.937599   \n",
       "tavg           -0.015441  0.981021  0.979515  1.000000  0.250990  0.921320   \n",
       "depart         -0.156403  0.251568  0.239378  0.250990  1.000000  0.242828   \n",
       "dewpoint       -0.021671  0.870929  0.937599  0.921320  0.242828  1.000000   \n",
       "wetbulb        -0.028560  0.944398  0.976826  0.979080  0.245932  0.968841   \n",
       "heat            0.027748 -0.926928 -0.907137 -0.935544 -0.250078 -0.873981   \n",
       "cool            0.008019  0.740320  0.775394  0.773080  0.157478  0.695548   \n",
       "sunrise        -0.119847 -0.320922 -0.343328 -0.338762 -0.067363 -0.340215   \n",
       "sunset         -0.242805  0.406719  0.416963  0.420123  0.203968  0.403469   \n",
       "codesum_YN      0.009570 -0.087262  0.019989 -0.035542  0.029087  0.148618   \n",
       "snowfall       -0.018667 -0.159091 -0.106867 -0.135998 -0.055768 -0.082023   \n",
       "preciptotal    -0.012986  0.001709  0.088912  0.045485 -0.019796  0.139428   \n",
       "stnpressure    -0.064975  0.058897  0.141854  0.101543  0.017495  0.217362   \n",
       "sealevel       -0.044336 -0.240798 -0.260916 -0.256085 -0.226971 -0.240871   \n",
       "resultspeed    -0.019402 -0.123795 -0.048093 -0.088229  0.071475 -0.121370   \n",
       "resultdir      -0.034071 -0.203635 -0.238141 -0.225088 -0.015193 -0.269902   \n",
       "avgspeed        0.004105 -0.128563 -0.071625 -0.102546  0.088815 -0.144385   \n",
       "\n",
       "              wetbulb      heat      cool   sunrise    sunset  codesum_YN  \\\n",
       "station_nbr -0.028560  0.027748  0.008019 -0.119847 -0.242805    0.009570   \n",
       "tmax         0.944398 -0.926928  0.740320 -0.320922  0.406719   -0.087262   \n",
       "tmin         0.976826 -0.907137  0.775394 -0.343328  0.416963    0.019989   \n",
       "tavg         0.979080 -0.935544  0.773080 -0.338762  0.420123   -0.035542   \n",
       "depart       0.245932 -0.250078  0.157478 -0.067363  0.203968    0.029087   \n",
       "dewpoint     0.968841 -0.873981  0.695548 -0.340215  0.403469    0.148618   \n",
       "wetbulb      1.000000 -0.928223  0.739058 -0.349497  0.414909    0.046620   \n",
       "heat        -0.928223  1.000000 -0.536882  0.311687 -0.370991    0.008947   \n",
       "cool         0.739058 -0.536882  1.000000 -0.256855  0.346688   -0.051441   \n",
       "sunrise     -0.349497  0.311687 -0.256855  1.000000 -0.625822    0.060498   \n",
       "sunset       0.414909 -0.370991  0.346688 -0.625822  1.000000   -0.025962   \n",
       "codesum_YN   0.046620  0.008947 -0.051441  0.060498 -0.025962    1.000000   \n",
       "snowfall    -0.117596  0.152609 -0.056549  0.069960 -0.074911    0.143993   \n",
       "preciptotal  0.096621 -0.057298  0.011167 -0.061015  0.053185    0.284459   \n",
       "stnpressure  0.170336 -0.091851  0.083897 -0.032533  0.022164    0.047309   \n",
       "sealevel    -0.246007  0.224370 -0.197095  0.193193 -0.130394   -0.084100   \n",
       "resultspeed -0.100449  0.108084 -0.031970 -0.006957  0.032271   -0.072106   \n",
       "resultdir   -0.247973  0.216901 -0.166730  0.061206 -0.110447   -0.065675   \n",
       "avgspeed    -0.126268  0.118879 -0.054957  0.004660  0.058154   -0.033075   \n",
       "\n",
       "             snowfall  preciptotal  stnpressure  sealevel  resultspeed  \\\n",
       "station_nbr -0.018667    -0.012986    -0.064975 -0.044336    -0.019402   \n",
       "tmax        -0.159091     0.001709     0.058897 -0.240798    -0.123795   \n",
       "tmin        -0.106867     0.088912     0.141854 -0.260916    -0.048093   \n",
       "tavg        -0.135998     0.045485     0.101543 -0.256085    -0.088229   \n",
       "depart      -0.055768    -0.019796     0.017495 -0.226971     0.071475   \n",
       "dewpoint    -0.082023     0.139428     0.217362 -0.240871    -0.121370   \n",
       "wetbulb     -0.117596     0.096621     0.170336 -0.246007    -0.100449   \n",
       "heat         0.152609    -0.057298    -0.091851  0.224370     0.108084   \n",
       "cool        -0.056549     0.011167     0.083897 -0.197095    -0.031970   \n",
       "sunrise      0.069960    -0.061015    -0.032533  0.193193    -0.006957   \n",
       "sunset      -0.074911     0.053185     0.022164 -0.130394     0.032271   \n",
       "codesum_YN   0.143993     0.284459     0.047309 -0.084100    -0.072106   \n",
       "snowfall     1.000000     0.298403    -0.000616 -0.059879     0.052807   \n",
       "preciptotal  0.298403     1.000000     0.021554 -0.166351     0.012136   \n",
       "stnpressure -0.000616     0.021554     1.000000  0.217650    -0.010550   \n",
       "sealevel    -0.059879    -0.166351     0.217650  1.000000    -0.208127   \n",
       "resultspeed  0.052807     0.012136    -0.010550 -0.208127     1.000000   \n",
       "resultdir   -0.013182    -0.042095    -0.033440 -0.074962     0.122621   \n",
       "avgspeed     0.069457     0.061881    -0.144803 -0.295917     0.901333   \n",
       "\n",
       "             resultdir  avgspeed  \n",
       "station_nbr  -0.034071  0.004105  \n",
       "tmax         -0.203635 -0.128563  \n",
       "tmin         -0.238141 -0.071625  \n",
       "tavg         -0.225088 -0.102546  \n",
       "depart       -0.015193  0.088815  \n",
       "dewpoint     -0.269902 -0.144385  \n",
       "wetbulb      -0.247973 -0.126268  \n",
       "heat          0.216901  0.118879  \n",
       "cool         -0.166730 -0.054957  \n",
       "sunrise       0.061206  0.004660  \n",
       "sunset       -0.110447  0.058154  \n",
       "codesum_YN   -0.065675 -0.033075  \n",
       "snowfall     -0.013182  0.069457  \n",
       "preciptotal  -0.042095  0.061881  \n",
       "stnpressure  -0.033440 -0.144803  \n",
       "sealevel     -0.074962 -0.295917  \n",
       "resultspeed   0.122621  0.901333  \n",
       "resultdir     1.000000  0.140450  \n",
       "avgspeed      0.140450  1.000000  "
      ]
     },
     "execution_count": 5,
     "metadata": {},
     "output_type": "execute_result"
    }
   ],
   "source": [
    "weather.corr()"
   ]
  },
  {
   "cell_type": "code",
   "execution_count": 6,
   "metadata": {
    "scrolled": false
   },
   "outputs": [
    {
     "data": {
      "text/plain": [
       "'station_nbr + date + tmax + tmin + tavg + depart + dewpoint + wetbulb + heat + cool + sunrise + sunset + codesum + codesum_YN + snowfall + preciptotal + stnpressure + sealevel + resultspeed + resultdir + avgspeed'"
      ]
     },
     "execution_count": 6,
     "metadata": {},
     "output_type": "execute_result"
    }
   ],
   "source": [
    "weather_list = list(weather.columns)\n",
    "weather_list = \" \".join(weather_list)\n",
    "weather_list = weather_list.replace(\" \", \" + \")\n",
    "weather_list"
   ]
  },
  {
   "cell_type": "code",
   "execution_count": 7,
   "metadata": {},
   "outputs": [
    {
     "data": {
      "text/html": [
       "<div>\n",
       "<style scoped>\n",
       "    .dataframe tbody tr th:only-of-type {\n",
       "        vertical-align: middle;\n",
       "    }\n",
       "\n",
       "    .dataframe tbody tr th {\n",
       "        vertical-align: top;\n",
       "    }\n",
       "\n",
       "    .dataframe thead th {\n",
       "        text-align: right;\n",
       "    }\n",
       "</style>\n",
       "<table border=\"1\" class=\"dataframe\">\n",
       "  <thead>\n",
       "    <tr style=\"text-align: right;\">\n",
       "      <th></th>\n",
       "      <th>sum_sq</th>\n",
       "      <th>df</th>\n",
       "      <th>F</th>\n",
       "      <th>PR(&gt;F)</th>\n",
       "    </tr>\n",
       "  </thead>\n",
       "  <tbody>\n",
       "    <tr>\n",
       "      <th>tmin</th>\n",
       "      <td>189005.087556</td>\n",
       "      <td>1.0</td>\n",
       "      <td>251221.776926</td>\n",
       "      <td>0.000000e+00</td>\n",
       "    </tr>\n",
       "    <tr>\n",
       "      <th>tavg</th>\n",
       "      <td>282289.901726</td>\n",
       "      <td>1.0</td>\n",
       "      <td>375214.083584</td>\n",
       "      <td>0.000000e+00</td>\n",
       "    </tr>\n",
       "    <tr>\n",
       "      <th>depart</th>\n",
       "      <td>2.561139</td>\n",
       "      <td>1.0</td>\n",
       "      <td>3.404215</td>\n",
       "      <td>6.504447e-02</td>\n",
       "    </tr>\n",
       "    <tr>\n",
       "      <th>dewpoint</th>\n",
       "      <td>124.654654</td>\n",
       "      <td>1.0</td>\n",
       "      <td>165.688469</td>\n",
       "      <td>9.063132e-38</td>\n",
       "    </tr>\n",
       "    <tr>\n",
       "      <th>wetbulb</th>\n",
       "      <td>238.125924</td>\n",
       "      <td>1.0</td>\n",
       "      <td>316.512209</td>\n",
       "      <td>2.812769e-70</td>\n",
       "    </tr>\n",
       "    <tr>\n",
       "      <th>heat</th>\n",
       "      <td>4.710660</td>\n",
       "      <td>1.0</td>\n",
       "      <td>6.261315</td>\n",
       "      <td>1.234799e-02</td>\n",
       "    </tr>\n",
       "    <tr>\n",
       "      <th>cool</th>\n",
       "      <td>9.267113</td>\n",
       "      <td>1.0</td>\n",
       "      <td>12.317660</td>\n",
       "      <td>4.496552e-04</td>\n",
       "    </tr>\n",
       "    <tr>\n",
       "      <th>sunrise</th>\n",
       "      <td>7.660058</td>\n",
       "      <td>1.0</td>\n",
       "      <td>10.181596</td>\n",
       "      <td>1.420631e-03</td>\n",
       "    </tr>\n",
       "    <tr>\n",
       "      <th>sunset</th>\n",
       "      <td>1.572408</td>\n",
       "      <td>1.0</td>\n",
       "      <td>2.090013</td>\n",
       "      <td>1.482801e-01</td>\n",
       "    </tr>\n",
       "    <tr>\n",
       "      <th>snowfall</th>\n",
       "      <td>0.227329</td>\n",
       "      <td>1.0</td>\n",
       "      <td>0.302162</td>\n",
       "      <td>5.825364e-01</td>\n",
       "    </tr>\n",
       "    <tr>\n",
       "      <th>preciptotal</th>\n",
       "      <td>28.351129</td>\n",
       "      <td>1.0</td>\n",
       "      <td>37.683753</td>\n",
       "      <td>8.472302e-10</td>\n",
       "    </tr>\n",
       "    <tr>\n",
       "      <th>stnpressure</th>\n",
       "      <td>28.143121</td>\n",
       "      <td>1.0</td>\n",
       "      <td>37.407273</td>\n",
       "      <td>9.759985e-10</td>\n",
       "    </tr>\n",
       "    <tr>\n",
       "      <th>sealevel</th>\n",
       "      <td>4.707617</td>\n",
       "      <td>1.0</td>\n",
       "      <td>6.257270</td>\n",
       "      <td>1.237620e-02</td>\n",
       "    </tr>\n",
       "    <tr>\n",
       "      <th>resultspeed</th>\n",
       "      <td>18.748740</td>\n",
       "      <td>1.0</td>\n",
       "      <td>24.920450</td>\n",
       "      <td>6.023516e-07</td>\n",
       "    </tr>\n",
       "    <tr>\n",
       "      <th>resultdir</th>\n",
       "      <td>8.012650</td>\n",
       "      <td>1.0</td>\n",
       "      <td>10.650254</td>\n",
       "      <td>1.102359e-03</td>\n",
       "    </tr>\n",
       "    <tr>\n",
       "      <th>avgspeed</th>\n",
       "      <td>10.016028</td>\n",
       "      <td>1.0</td>\n",
       "      <td>13.313104</td>\n",
       "      <td>2.642114e-04</td>\n",
       "    </tr>\n",
       "    <tr>\n",
       "      <th>Residual</th>\n",
       "      <td>15423.043107</td>\n",
       "      <td>20500.0</td>\n",
       "      <td>NaN</td>\n",
       "      <td>NaN</td>\n",
       "    </tr>\n",
       "  </tbody>\n",
       "</table>\n",
       "</div>"
      ],
      "text/plain": [
       "                    sum_sq       df              F        PR(>F)\n",
       "tmin         189005.087556      1.0  251221.776926  0.000000e+00\n",
       "tavg         282289.901726      1.0  375214.083584  0.000000e+00\n",
       "depart            2.561139      1.0       3.404215  6.504447e-02\n",
       "dewpoint        124.654654      1.0     165.688469  9.063132e-38\n",
       "wetbulb         238.125924      1.0     316.512209  2.812769e-70\n",
       "heat              4.710660      1.0       6.261315  1.234799e-02\n",
       "cool              9.267113      1.0      12.317660  4.496552e-04\n",
       "sunrise           7.660058      1.0      10.181596  1.420631e-03\n",
       "sunset            1.572408      1.0       2.090013  1.482801e-01\n",
       "snowfall          0.227329      1.0       0.302162  5.825364e-01\n",
       "preciptotal      28.351129      1.0      37.683753  8.472302e-10\n",
       "stnpressure      28.143121      1.0      37.407273  9.759985e-10\n",
       "sealevel          4.707617      1.0       6.257270  1.237620e-02\n",
       "resultspeed      18.748740      1.0      24.920450  6.023516e-07\n",
       "resultdir         8.012650      1.0      10.650254  1.102359e-03\n",
       "avgspeed         10.016028      1.0      13.313104  2.642114e-04\n",
       "Residual      15423.043107  20500.0            NaN           NaN"
      ]
     },
     "execution_count": 7,
     "metadata": {},
     "output_type": "execute_result"
    }
   ],
   "source": [
    "model_weather = sm.OLS.from_formula(\"tmax ~ tmin + tavg + depart + dewpoint + wetbulb + heat + cool + sunrise + sunset + snowfall + preciptotal + stnpressure + sealevel + resultspeed + resultdir + avgspeed\", data=weather)\n",
    "result_weather = model_weather.fit()\n",
    "sm.stats.anova_lm(result_weather, typ=2)"
   ]
  },
  {
   "cell_type": "code",
   "execution_count": 7,
   "metadata": {},
   "outputs": [],
   "source": [
    "weather2 = weather"
   ]
  },
  {
   "cell_type": "code",
   "execution_count": 8,
   "metadata": {},
   "outputs": [
    {
     "data": {
      "text/plain": [
       "Index(['station_nbr', 'date', 'tmax', 'tmin', 'tavg', 'depart', 'dewpoint',\n",
       "       'wetbulb', 'heat', 'cool', 'sunrise', 'sunset', 'codesum', 'codsum_YN',\n",
       "       'snowfall', 'preciptotal', 'stnpressure', 'sealevel', 'resultspeed',\n",
       "       'resultdir', 'avgspeed'],\n",
       "      dtype='object')"
      ]
     },
     "execution_count": 8,
     "metadata": {},
     "output_type": "execute_result"
    }
   ],
   "source": [
    "weather2.columns"
   ]
  },
  {
   "cell_type": "code",
   "execution_count": 9,
   "metadata": {},
   "outputs": [],
   "source": [
    "del weather2['date']"
   ]
  },
  {
   "cell_type": "code",
   "execution_count": 10,
   "metadata": {},
   "outputs": [],
   "source": [
    "del weather2['codesum']"
   ]
  },
  {
   "cell_type": "code",
   "execution_count": 11,
   "metadata": {},
   "outputs": [],
   "source": [
    "del weather2['codsum_YN']"
   ]
  },
  {
   "cell_type": "code",
   "execution_count": 12,
   "metadata": {},
   "outputs": [],
   "source": [
    "del weather2['station_nbr']"
   ]
  },
  {
   "cell_type": "code",
   "execution_count": 13,
   "metadata": {},
   "outputs": [
    {
     "data": {
      "text/html": [
       "<div>\n",
       "<style scoped>\n",
       "    .dataframe tbody tr th:only-of-type {\n",
       "        vertical-align: middle;\n",
       "    }\n",
       "\n",
       "    .dataframe tbody tr th {\n",
       "        vertical-align: top;\n",
       "    }\n",
       "\n",
       "    .dataframe thead th {\n",
       "        text-align: right;\n",
       "    }\n",
       "</style>\n",
       "<table border=\"1\" class=\"dataframe\">\n",
       "  <thead>\n",
       "    <tr style=\"text-align: right;\">\n",
       "      <th></th>\n",
       "      <th>tmax</th>\n",
       "      <th>tmin</th>\n",
       "      <th>tavg</th>\n",
       "      <th>depart</th>\n",
       "      <th>dewpoint</th>\n",
       "      <th>wetbulb</th>\n",
       "      <th>heat</th>\n",
       "      <th>cool</th>\n",
       "      <th>sunrise</th>\n",
       "      <th>sunset</th>\n",
       "      <th>snowfall</th>\n",
       "      <th>preciptotal</th>\n",
       "      <th>stnpressure</th>\n",
       "      <th>sealevel</th>\n",
       "      <th>resultspeed</th>\n",
       "      <th>resultdir</th>\n",
       "      <th>avgspeed</th>\n",
       "    </tr>\n",
       "  </thead>\n",
       "  <tbody>\n",
       "    <tr>\n",
       "      <th>0</th>\n",
       "      <td>52.0</td>\n",
       "      <td>31.0</td>\n",
       "      <td>42.0</td>\n",
       "      <td>0.0</td>\n",
       "      <td>36.0</td>\n",
       "      <td>40.0</td>\n",
       "      <td>23.0</td>\n",
       "      <td>0.0</td>\n",
       "      <td>444.0</td>\n",
       "      <td>1047.0</td>\n",
       "      <td>0.05</td>\n",
       "      <td>0.05</td>\n",
       "      <td>29.78</td>\n",
       "      <td>29.92</td>\n",
       "      <td>3.6</td>\n",
       "      <td>20.0</td>\n",
       "      <td>4.6</td>\n",
       "    </tr>\n",
       "    <tr>\n",
       "      <th>1</th>\n",
       "      <td>50.0</td>\n",
       "      <td>31.0</td>\n",
       "      <td>41.0</td>\n",
       "      <td>0.0</td>\n",
       "      <td>26.0</td>\n",
       "      <td>35.0</td>\n",
       "      <td>24.0</td>\n",
       "      <td>0.0</td>\n",
       "      <td>444.0</td>\n",
       "      <td>1047.0</td>\n",
